pi=3.141592
e=2.718281
g=9.81